多賀城 八戸北 帝京安積 湯沢 一関学院 山形東 いわき湯本 致道館 聖ウルスラ 専修北上 秋田南 弘前中央 泉館山 黒沢尻北 安積黎明 青森山田 明桜 創学館 盛岡第一 磐城 青森 山形中央 仙台向山 大曲
1 20 11 18 13 24 6 19 3 23 10 17 16 21 7 22 2 4 12 5 8 9 15 14
9 23 8 11 19 12 4 20 1 21 2 18 13 24 14 7 6 22 17 3 15 5 10 16
4 20 10 8 14 21 2 19 5 18 6 23 7 22 12 11 1 15 24 3 17 9 13 16
9 23 4 2 6 8 7 12 3 15 16 17 18 13 19 20 1 21 22 10 11 14 5 24
3 15 13 12 20 24 6 14 4 23 10 19 5 17 9 11 1 22 21 2 16 8 7 18
6 15 12 13 23 24 4 14 1 20 3 16 9 19 10 11 5 18 21 2 22 7 8 17
6 24 14 15 12 16 7 17 3 22 4 23 8 11 18 10 2 21 13 1 20 5 9 19
12 1 11 21 22 20 10 23 9 19 8 2 13 7 18 5 6 17 24 14 4 3 15 16
6 23 10 8 11 18 5 12 4 19 1 22 7 21 14 13 2 15 20 3 24 9 17 16
